0 0.493101 0.169726 0.051136 0.120654
0 0.620942 0.165461 0.037338 0.107248
0 0.812500 0.340957 0.040584 0.070686
0 0.929383 0.337910 0.032468 0.062155
0 0.971591 0.440283 0.037338 0.069467
0 0.596591 0.431752 0.034091 0.074342
0 0.552760 0.465876 0.032468 0.069467
0 0.538555 0.397627 0.041396 0.062155
0 0.568182 0.363503 0.027597 0.062155
0 0.221185 0.406158 0.031656 0.067030
0 0.254870 0.318410 0.022727 0.047530
0 0.271104 0.420783 0.022727 0.054843
0 0.307224 0.357409 0.026786 0.054843
0 0.143263 0.423830 0.031656 0.068248
0 0.118101 0.435408 0.025162 0.059717