0 0.232143 0.497555 0.068182 0.157678
0 0.482955 0.503667 0.064935 0.113675
0 0.167614 0.245760 0.049513 0.108785
0 0.368101 0.292208 0.052760 0.108785
0 0.394075 0.196868 0.046266 0.086784
0 0.519481 0.229870 0.061688 0.133231
0 0.663555 0.090527 0.041396 0.074561
0 0.759334 0.174255 0.039773 0.070894
0 0.935471 0.088083 0.049513 0.101451
0 0.813718 0.422383 0.067370 0.166234
0 0.782062 0.320321 0.054383 0.118564
0 0.744724 0.277540 0.051136 0.099007
0 0.654221 0.217036 0.048701 0.095340
0 0.585633 0.644232 0.065747 0.152788